              precision    recall  f1-score   support

           0     0.7143    0.5000    0.5882        10
           1     0.1429    0.3333    0.2000         3
           2     0.4286    0.3750    0.4000         8
           3     0.5000    0.2857    0.3636         7
           4     0.7143    0.7143    0.7143         7
           5     0.7000    0.7778    0.7368         9
           6     0.5294    0.9000    0.6667        10
           7     0.4000    0.8889    0.5517         9
           8     0.7778    0.7000    0.7368        10
           9     0.5000    0.2857    0.3636         7
          10     0.6667    0.4444    0.5333         9
          11     0.8333    0.4545    0.5882        11
          12     0.8000    0.4000    0.5333        10
          13     0.8333    1.0000    0.9091        10
          14     0.9091    1.0000    0.9524        10
          15     0.8571    0.7500    0.8000         8
          16     0.7143    0.4167    0.5263        12
          17     0.5385    0.7778    0.6364         9
          18     0.7000    1.0000    0.8235         7
          19     1.0000    0.5000    0.6667         8
          20     1.0000    1.0000    1.0000         8
          21     0.8000    0.5000    0.6154         8
          22     0.2308    0.3000    0.2609        10
          23     0.6154    0.8000    0.6957        10
          24     1.0000    0.3000    0.4615        10
          25     0.7143    0.8333    0.7692         6
          26     0.3000    0.5000    0.3750         6

    accuracy                         0.6250       232
   macro avg     0.6637    0.6199    0.6100       232
weighted avg     0.6840    0.6250    0.6213       232
