              precision    recall  f1-score   support

           0     0.5000    0.4000    0.4444        10
           1     0.2000    0.3333    0.2500         3
           2     0.4444    0.5000    0.4706         8
           3     0.5000    0.4286    0.4615         7
           4     0.7143    0.7143    0.7143         7
           5     0.6000    0.6667    0.6316         9
           6     0.3889    0.7000    0.5000        10
           7     0.4667    0.7778    0.5833         9
           8     0.8750    0.7000    0.7778        10
           9     0.3333    0.1429    0.2000         7
          10     0.5714    0.4444    0.5000         9
          11     0.8333    0.4545    0.5882        11
          12     0.5714    0.4000    0.4706        10
          13     0.8182    0.9000    0.8571        10
          14     0.9091    1.0000    0.9524        10
          15     0.8333    0.6250    0.7143         8
          16     0.7778    0.5833    0.6667        12
          17     0.5833    0.7778    0.6667         9
          18     0.6364    1.0000    0.7778         7
          19     1.0000    0.6250    0.7692         8
          20     1.0000    1.0000    1.0000         8
          21     0.5000    0.2500    0.3333         8
          22     0.2308    0.3000    0.2609        10
          23     0.6154    0.8000    0.6957        10
          24     1.0000    0.3000    0.4615        10
          25     0.7143    0.8333    0.7692         6
          26     0.4000    0.6667    0.5000         6

    accuracy                         0.6078       232
   macro avg     0.6303    0.6046    0.5932       232
weighted avg     0.6482    0.6078    0.6028       232
