              precision    recall  f1-score   support

           0     0.5000    0.5000    0.5000        10
           1     0.1111    0.3333    0.1667         3
           2     0.5714    0.5000    0.5333         8
           3     0.6000    0.4286    0.5000         7
           4     0.8333    0.7143    0.7692         7
           5     0.4615    0.6667    0.5455         9
           6     0.5455    0.6000    0.5714        10
           7     0.5000    0.6667    0.5714         9
           8     0.7778    0.7000    0.7368        10
           9     0.6000    0.4286    0.5000         7
          10     0.5000    0.6667    0.5714         9
          11     1.0000    0.4545    0.6250        11
          12     0.7000    0.7000    0.7000        10
          13     0.9091    1.0000    0.9524        10
          14     1.0000    1.0000    1.0000        10
          15     0.7778    0.8750    0.8235         8
          16     0.6667    0.3333    0.4444        12
          17     0.7000    0.7778    0.7368         9
          18     0.8750    1.0000    0.9333         7
          19     1.0000    0.5000    0.6667         8
          20     1.0000    1.0000    1.0000         8
          21     0.4000    0.2500    0.3077         8
          22     0.3333    0.4000    0.3636        10
          23     0.7000    0.7000    0.7000        10
          24     0.5000    0.2000    0.2857        10
          25     0.7143    0.8333    0.7692         6
          26     0.2857    0.6667    0.4000         6

    accuracy                         0.6250       232
   macro avg     0.6505    0.6258    0.6176       232
weighted avg     0.6672    0.6250    0.6259       232
