              precision    recall  f1-score   support

           0     0.3077    0.4000    0.3478        10
           1     0.2500    0.3333    0.2857         3
           2     0.5556    0.6250    0.5882         8
           3     0.2500    0.1429    0.1818         7
           4     0.5000    0.7143    0.5882         7
           5     0.5000    0.5556    0.5263         9
           6     0.4286    0.6000    0.5000        10
           7     0.4444    0.8889    0.5926         9
           8     0.8571    0.6000    0.7059        10
           9     0.6000    0.4286    0.5000         7
          10     0.6667    0.2222    0.3333         9
          11     0.8000    0.3636    0.5000        11
          12     0.6667    0.4000    0.5000        10
          13     0.8182    0.9000    0.8571        10
          14     0.8182    0.9000    0.8571        10
          15     0.5000    0.5000    0.5000         8
          16     0.7000    0.5833    0.6364        12
          17     0.5833    0.7778    0.6667         9
          18     0.7000    1.0000    0.8235         7
          19     0.8333    0.6250    0.7143         8
          20     1.0000    0.8750    0.9333         8
          21     0.5000    0.2500    0.3333         8
          22     0.2308    0.3000    0.2609        10
          23     0.4167    0.5000    0.4545        10
          24     1.0000    0.2000    0.3333        10
          25     0.6250    0.8333    0.7143         6
          26     0.3000    0.5000    0.3750         6

    accuracy                         0.5560       232
   macro avg     0.5871    0.5563    0.5411       232
weighted avg     0.6041    0.5560    0.5473       232
